backGroundBrush :/new/new/images/mur.jpg
tree2 0 100 100
tree2 0 200 100
door  0 300 100 :new/new/niveau/level1.txt 820 300
tree2 0 400 100
tree2 0 500 100
tree2 0 600 100
tree2 0 0 100
tree2 100 0 100
tree2 200 0 100
tree2 300 0 100
tree2 400 0 100
tree2 500 0 100
tree2 600 0 100
tree2 700 0 100
tree2 800 0 100
tree2 900 0 100
tree2 900 100 100
tree2 900 200 100
door  900 300 100 :new/new/niveau/level3.txt 500 100
tree2 900 400 100
tree2 900 500 100
tree2 900 600 100
tree2 100 600 100
tree2 200 600 100
tree2 300 600 100
tree2 400 600 100
tree2 500 600 100
tree2 600 600 100
tree2 700 600 100
tree2 800 600 100
tree2 900 600 100
tree2 700 100 100
tree2 700 200 100
tree2 700 300 100
tree2 700 400 100
bois 100 400 100
bois 200 400 100
bois 300 400 100
bois 400 400 100
bois 500 300 100
bois 500 200 100
bois 500 400 100
t1 200 200 100
t2 200 100 100
botte 100 500 100 bonus
coca 200 500 100 bonus
